 start pl/0
 p   b   t     f   l   a                 0   1   2   3   4   5   6   7   8   9  10  11  12  13  14
 === === ===   === === ===             === === === === === === === === === === === === === === ===
   0   0  -1   INT   0   5      s[] :    0   0   0   0   0
   1   0   4   LIT   0   4      s[] :    0   0   0   0   0   4
   2   0   5   STO   0   3      s[] :    0   0   0   4   0
   3   0   4   LOD   0   3      s[] :    0   0   0   4   0   4
   4   0   5   STO   0   8      s[] :    0   0   0   4   0
   5   0   4   CAL   0   9      s[] :    0   0   0   4   0
   9   5   4   INT   0   6      s[] :    0   0   0   4   0   0   0   6   4   0   0
  10   5  10   LIT   0   1      s[] :    0   0   0   4   0   0   0   6   4   0   0   1
  11   5  11   STO   0   4      s[] :    0   0   0   4   0   0   0   6   4   1   0
  12   5  10   LIT   0   1      s[] :    0   0   0   4   0   0   0   6   4   1   0   1
  13   5  11   STO   0   5      s[] :    0   0   0   4   0   0   0   6   4   1   1
  14   5  10   LOD   0   4      s[] :    0   0   0   4   0   0   0   6   4   1   1   1
  15   5  11   LOD   0   5      s[] :    0   0   0   4   0   0   0   6   4   1   1   1   1
  16   5  12   OPR   0   4      s[] :    0   0   0   4   0   0   0   6   4   1   1   1
  17   5  11   STO   0   4      s[] :    0   0   0   4   0   0   0   6   4   1   1
  18   5  10   LOD   0   5      s[] :    0   0   0   4   0   0   0   6   4   1   1   1
  19   5  11   LIT   0   1      s[] :    0   0   0   4   0   0   0   6   4   1   1   1   1
  20   5  12   OPR   0   2      s[] :    0   0   0   4   0   0   0   6   4   1   1   2
  21   5  11   STO   0   5      s[] :    0   0   0   4   0   0   0   6   4   1   2
  22   5  10   LOD   0   5      s[] :    0   0   0   4   0   0   0   6   4   1   2   2
  23   5  11   LOD   0   3      s[] :    0   0   0   4   0   0   0   6   4   1   2   2   4
  24   5  12   OPR   0  12      s[] :    0   0   0   4   0   0   0   6   4   1   2   0
  25   5  11   JPC   0  27      s[] :    0   0   0   4   0   0   0   6   4   1   2
  26   5  10   JMP   0  14      s[] :    0   0   0   4   0   0   0   6   4   1   2
  14   5  10   LOD   0   4      s[] :    0   0   0   4   0   0   0   6   4   1   2   1
  15   5  11   LOD   0   5      s[] :    0   0   0   4   0   0   0   6   4   1   2   1   2
  16   5  12   OPR   0   4      s[] :    0   0   0   4   0   0   0   6   4   1   2   2
  17   5  11   STO   0   4      s[] :    0   0   0   4   0   0   0   6   4   2   2
  18   5  10   LOD   0   5      s[] :    0   0   0   4   0   0   0   6   4   2   2   2
  19   5  11   LIT   0   1      s[] :    0   0   0   4   0   0   0   6   4   2   2   2   1
  20   5  12   OPR   0   2      s[] :    0   0   0   4   0   0   0   6   4   2   2   3
  21   5  11   STO   0   5      s[] :    0   0   0   4   0   0   0   6   4   2   3
  22   5  10   LOD   0   5      s[] :    0   0   0   4   0   0   0   6   4   2   3   3
  23   5  11   LOD   0   3      s[] :    0   0   0   4   0   0   0   6   4   2   3   3   4
  24   5  12   OPR   0  12      s[] :    0   0   0   4   0   0   0   6   4   2   3   0
  25   5  11   JPC   0  27      s[] :    0   0   0   4   0   0   0   6   4   2   3
  26   5  10   JMP   0  14      s[] :    0   0   0   4   0   0   0   6   4   2   3
  14   5  10   LOD   0   4      s[] :    0   0   0   4   0   0   0   6   4   2   3   2
  15   5  11   LOD   0   5      s[] :    0   0   0   4   0   0   0   6   4   2   3   2   3
  16   5  12   OPR   0   4      s[] :    0   0   0   4   0   0   0   6   4   2   3   6
  17   5  11   STO   0   4      s[] :    0   0   0   4   0   0   0   6   4   6   3
  18   5  10   LOD   0   5      s[] :    0   0   0   4   0   0   0   6   4   6   3   3
  19   5  11   LIT   0   1      s[] :    0   0   0   4   0   0   0   6   4   6   3   3   1
  20   5  12   OPR   0   2      s[] :    0   0   0   4   0   0   0   6   4   6   3   4
  21   5  11   STO   0   5      s[] :    0   0   0   4   0   0   0   6   4   6   4
  22   5  10   LOD   0   5      s[] :    0   0   0   4   0   0   0   6   4   6   4   4
  23   5  11   LOD   0   3      s[] :    0   0   0   4   0   0   0   6   4   6   4   4   4
  24   5  12   OPR   0  12      s[] :    0   0   0   4   0   0   0   6   4   6   4   0
  25   5  11   JPC   0  27      s[] :    0   0   0   4   0   0   0   6   4   6   4
  26   5  10   JMP   0  14      s[] :    0   0   0   4   0   0   0   6   4   6   4
  14   5  10   LOD   0   4      s[] :    0   0   0   4   0   0   0   6   4   6   4   6
  15   5  11   LOD   0   5      s[] :    0   0   0   4   0   0   0   6   4   6   4   6   4
  16   5  12   OPR   0   4      s[] :    0   0   0   4   0   0   0   6   4   6   4  24
  17   5  11   STO   0   4      s[] :    0   0   0   4   0   0   0   6   4  24   4
  18   5  10   LOD   0   5      s[] :    0   0   0   4   0   0   0   6   4  24   4   4
  19   5  11   LIT   0   1      s[] :    0   0   0   4   0   0   0   6   4  24   4   4   1
  20   5  12   OPR   0   2      s[] :    0   0   0   4   0   0   0   6   4  24   4   5
  21   5  11   STO   0   5      s[] :    0   0   0   4   0   0   0   6   4  24   5
  22   5  10   LOD   0   5      s[] :    0   0   0   4   0   0   0   6   4  24   5   5
  23   5  11   LOD   0   3      s[] :    0   0   0   4   0   0   0   6   4  24   5   5   4
  24   5  12   OPR   0  12      s[] :    0   0   0   4   0   0   0   6   4  24   5   1
  25   5  11   JPC   0  27      s[] :    0   0   0   4   0   0   0   6   4  24   5
  27   5  10   OPR   0   0      s[] :    0   0   0   4   0
   6   0   4   LOD   0   9      s[] :    0   0   0   4   0  24
   7   0   5   STO   0   4      s[] :    0   0   0   4  24
   8   0   4   OPR   0   0      s[] :
 === === ===   === === ===             === === === === === === === === === === === === === === ===
 p   b   t     f   l   a                 0   1   2   3   4   5   6   7   8   9  10  11  12  13  14
 end pl/0