 start pl/0
 p   b   t     f   l   a                 0   1   2   3   4   5   6   7   8   9  10  11  12  13  14
 === === ===   === === ===             === === === === === === === === === === === === === === ===
   0   0  -1   INT   0   5      s[] :    0   0   0   0   0
   1   0   4   LIT   0   5      s[] :    0   0   0   0   0   5
   2   0   5   STO   0   3      s[] :    0   0   0   5   0
   3   0   4   LOD   0   3      s[] :    0   0   0   5   0   5
   4   0   5   STO   0   8      s[] :    0   0   0   5   0
   5   0   4   CAL   0   9      s[] :    0   0   0   5   0
   9   5   4   INT   0   8      s[] :    0   0   0   5   0   0   0   6   5   0   0   0   0
  10   5  12   LIT   0   0      s[] :    0   0   0   5   0   0   0   6   5   0   0   0   0   0
  11   5  13   STO   0   4      s[] :    0   0   0   5   0   0   0   6   5   0   0   0   0
  12   5  12   LIT   0   1      s[] :    0   0   0   5   0   0   0   6   5   0   0   0   0   1
  13   5  13   STO   0   5      s[] :    0   0   0   5   0   0   0   6   5   0   1   0   0
  14   5  12   LIT   0   0      s[] :    0   0   0   5   0   0   0   6   5   0   1   0   0   0
  15   5  13   STO   0   6      s[] :    0   0   0   5   0   0   0   6   5   0   1   0   0
  16   5  12   LIT   0   2      s[] :    0   0   0   5   0   0   0   6   5   0   1   0   0   2
  17   5  13   STO   0   7      s[] :    0   0   0   5   0   0   0   6   5   0   1   0   2
  18   5  12   LOD   0   4      s[] :    0   0   0   5   0   0   0   6   5   0   1   0   2   0
  19   5  13   LOD   0   5      s[] :    0   0   0   5   0   0   0   6   5   0   1   0   2   0   1
  20   5  14   OPR   0   2      s[] :    0   0   0   5   0   0   0   6   5   0   1   0   2   1
  21   5  13   STO   0   6      s[] :    0   0   0   5   0   0   0   6   5   0   1   1   2
  22   5  12   LOD   0   5      s[] :    0   0   0   5   0   0   0   6   5   0   1   1   2   1
  23   5  13   STO   0   4      s[] :    0   0   0   5   0   0   0   6   5   1   1   1   2
  24   5  12   LOD   0   6      s[] :    0   0   0   5   0   0   0   6   5   1   1   1   2   1
  25   5  13   STO   0   5      s[] :    0   0   0   5   0   0   0   6   5   1   1   1   2
  26   5  12   LOD   0   7      s[] :    0   0   0   5   0   0   0   6   5   1   1   1   2   2
  27   5  13   LIT   0   1      s[] :    0   0   0   5   0   0   0   6   5   1   1   1   2   2   1
  28   5  14   OPR   0   2      s[] :    0   0   0   5   0   0   0   6   5   1   1   1   2   3
  29   5  13   STO   0   7      s[] :    0   0   0   5   0   0   0   6   5   1   1   1   3
  30   5  12   LOD   0   7      s[] :    0   0   0   5   0   0   0   6   5   1   1   1   3   3
  31   5  13   LOD   0   3      s[] :    0   0   0   5   0   0   0   6   5   1   1   1   3   3   5
  32   5  14   OPR   0  12      s[] :    0   0   0   5   0   0   0   6   5   1   1   1   3   0
  33   5  13   JPC   0  35      s[] :    0   0   0   5   0   0   0   6   5   1   1   1   3
  34   5  12   JMP   0  18      s[] :    0   0   0   5   0   0   0   6   5   1   1   1   3
  18   5  12   LOD   0   4      s[] :    0   0   0   5   0   0   0   6   5   1   1   1   3   1
  19   5  13   LOD   0   5      s[] :    0   0   0   5   0   0   0   6   5   1   1   1   3   1   1
  20   5  14   OPR   0   2      s[] :    0   0   0   5   0   0   0   6   5   1   1   1   3   2
  21   5  13   STO   0   6      s[] :    0   0   0   5   0   0   0   6   5   1   1   2   3
  22   5  12   LOD   0   5      s[] :    0   0   0   5   0   0   0   6   5   1   1   2   3   1
  23   5  13   STO   0   4      s[] :    0   0   0   5   0   0   0   6   5   1   1   2   3
  24   5  12   LOD   0   6      s[] :    0   0   0   5   0   0   0   6   5   1   1   2   3   2
  25   5  13   STO   0   5      s[] :    0   0   0   5   0   0   0   6   5   1   2   2   3
  26   5  12   LOD   0   7      s[] :    0   0   0   5   0   0   0   6   5   1   2   2   3   3
  27   5  13   LIT   0   1      s[] :    0   0   0   5   0   0   0   6   5   1   2   2   3   3   1
  28   5  14   OPR   0   2      s[] :    0   0   0   5   0   0   0   6   5   1   2   2   3   4
  29   5  13   STO   0   7      s[] :    0   0   0   5   0   0   0   6   5   1   2   2   4
  30   5  12   LOD   0   7      s[] :    0   0   0   5   0   0   0   6   5   1   2   2   4   4
  31   5  13   LOD   0   3      s[] :    0   0   0   5   0   0   0   6   5   1   2   2   4   4   5
  32   5  14   OPR   0  12      s[] :    0   0   0   5   0   0   0   6   5   1   2   2   4   0
  33   5  13   JPC   0  35      s[] :    0   0   0   5   0   0   0   6   5   1   2   2   4
  34   5  12   JMP   0  18      s[] :    0   0   0   5   0   0   0   6   5   1   2   2   4
  18   5  12   LOD   0   4      s[] :    0   0   0   5   0   0   0   6   5   1   2   2   4   1
  19   5  13   LOD   0   5      s[] :    0   0   0   5   0   0   0   6   5   1   2   2   4   1   2
  20   5  14   OPR   0   2      s[] :    0   0   0   5   0   0   0   6   5   1   2   2   4   3
  21   5  13   STO   0   6      s[] :    0   0   0   5   0   0   0   6   5   1   2   3   4
  22   5  12   LOD   0   5      s[] :    0   0   0   5   0   0   0   6   5   1   2   3   4   2
  23   5  13   STO   0   4      s[] :    0   0   0   5   0   0   0   6   5   2   2   3   4
  24   5  12   LOD   0   6      s[] :    0   0   0   5   0   0   0   6   5   2   2   3   4   3
  25   5  13   STO   0   5      s[] :    0   0   0   5   0   0   0   6   5   2   3   3   4
  26   5  12   LOD   0   7      s[] :    0   0   0   5   0   0   0   6   5   2   3   3   4   4
  27   5  13   LIT   0   1      s[] :    0   0   0   5   0   0   0   6   5   2   3   3   4   4   1
  28   5  14   OPR   0   2      s[] :    0   0   0   5   0   0   0   6   5   2   3   3   4   5
  29   5  13   STO   0   7      s[] :    0   0   0   5   0   0   0   6   5   2   3   3   5
  30   5  12   LOD   0   7      s[] :    0   0   0   5   0   0   0   6   5   2   3   3   5   5
  31   5  13   LOD   0   3      s[] :    0   0   0   5   0   0   0   6   5   2   3   3   5   5   5
  32   5  14   OPR   0  12      s[] :    0   0   0   5   0   0   0   6   5   2   3   3   5   0
  33   5  13   JPC   0  35      s[] :    0   0   0   5   0   0   0   6   5   2   3   3   5
  34   5  12   JMP   0  18      s[] :    0   0   0   5   0   0   0   6   5   2   3   3   5
  18   5  12   LOD   0   4      s[] :    0   0   0   5   0   0   0   6   5   2   3   3   5   2
  19   5  13   LOD   0   5      s[] :    0   0   0   5   0   0   0   6   5   2   3   3   5   2   3
  20   5  14   OPR   0   2      s[] :    0   0   0   5   0   0   0   6   5   2   3   3   5   5
  21   5  13   STO   0   6      s[] :    0   0   0   5   0   0   0   6   5   2   3   5   5
  22   5  12   LOD   0   5      s[] :    0   0   0   5   0   0   0   6   5   2   3   5   5   3
  23   5  13   STO   0   4      s[] :    0   0   0   5   0   0   0   6   5   3   3   5   5
  24   5  12   LOD   0   6      s[] :    0   0   0   5   0   0   0   6   5   3   3   5   5   5
  25   5  13   STO   0   5      s[] :    0   0   0   5   0   0   0   6   5   3   5   5   5
  26   5  12   LOD   0   7      s[] :    0   0   0   5   0   0   0   6   5   3   5   5   5   5
  27   5  13   LIT   0   1      s[] :    0   0   0   5   0   0   0   6   5   3   5   5   5   5   1
  28   5  14   OPR   0   2      s[] :    0   0   0   5   0   0   0   6   5   3   5   5   5   6
  29   5  13   STO   0   7      s[] :    0   0   0   5   0   0   0   6   5   3   5   5   6
  30   5  12   LOD   0   7      s[] :    0   0   0   5   0   0   0   6   5   3   5   5   6   6
  31   5  13   LOD   0   3      s[] :    0   0   0   5   0   0   0   6   5   3   5   5   6   6   5
  32   5  14   OPR   0  12      s[] :    0   0   0   5   0   0   0   6   5   3   5   5   6   1
  33   5  13   JPC   0  35      s[] :    0   0   0   5   0   0   0   6   5   3   5   5   6
  35   5  12   OPR   0   0      s[] :    0   0   0   5   0
   6   0   4   LOD   0  11      s[] :    0   0   0   5   0   5
   7   0   5   STO   0   4      s[] :    0   0   0   5   5
   8   0   4   OPR   0   0      s[] :
 === === ===   === === ===             === === === === === === === === === === === === === === ===
 p   b   t     f   l   a                 0   1   2   3   4   5   6   7   8   9  10  11  12  13  14
 end pl/0