 start pl/0
 p   b   t     f   l   a                 0   1   2   3   4   5   6   7   8   9  10  11  12  13  14
 === === ===   === === ===             === === === === === === === === === === === === === === ===
   0   0  -1   INT   0   5      s[] :    0   0   0   0   0
   1   0   4   LIT   0   5      s[] :    0   0   0   0   0   5
   2   0   5   STO   0   3      s[] :    0   0   0   5   0
   3   0   4   LOD   0   3      s[] :    0   0   0   5   0   5
   4   0   5   STO   0   8      s[] :    0   0   0   5   0
   5   0   4   CAL   0  20      s[] :    0   0   0   5   0
  20   5   4   INT   0   5      s[] :    0   0   0   5   0   0   0   6   5   0
  21   5   9   LIT   0   0      s[] :    0   0   0   5   0   0   0   6   5   0   0
  22   5  10   STO   0   4      s[] :    0   0   0   5   0   0   0   6   5   0
  23   5   9   LOD   0   3      s[] :    0   0   0   5   0   0   0   6   5   0   5
  24   5  10   LIT   0   2      s[] :    0   0   0   5   0   0   0   6   5   0   5   2
  25   5  11   OPR   0  13      s[] :    0   0   0   5   0   0   0   6   5   0   0
  26   5  10   JPC   0  46      s[] :    0   0   0   5   0   0   0   6   5   0
  27   5   9   LOD   0   3      s[] :    0   0   0   5   0   0   0   6   5   0   5
  28   5  10   LIT   0   1      s[] :    0   0   0   5   0   0   0   6   5   0   5   1
  29   5  11   OPR   0   3      s[] :    0   0   0   5   0   0   0   6   5   0   4
  30   5  10   STO   0   8      s[] :    0   0   0   5   0   0   0   6   5   0
  31   5   9   CAL   0  20      s[] :    0   0   0   5   0   0   0   6   5   0
  20  10   9   INT   0   5      s[] :    0   0   0   5   0   0   0   6   5   0   5   5  32   4   0
  21  10  14   LIT   0   0      s[] :    0   0   0   5   0   0   0   6   5   0   5   5  32   4   0   0
  22  10  15   STO   0   4      s[] :    0   0   0   5   0   0   0   6   5   0   5   5  32   4   0
  23  10  14   LOD   0   3      s[] :    0   0   0   5   0   0   0   6   5   0   5   5  32   4   0   4
  24  10  15   LIT   0   2      s[] :    0   0   0   5   0   0   0   6   5   0   5   5  32   4   0   4   2
  25  10  16   OPR   0  13      s[] :    0   0   0   5   0   0   0   6   5   0   5   5  32   4   0   0
  26  10  15   JPC   0  46      s[] :    0   0   0   5   0   0   0   6   5   0   5   5  32   4   0
  27  10  14   LOD   0   3      s[] :    0   0   0   5   0   0   0   6   5   0   5   5  32   4   0   4
  28  10  15   LIT   0   1      s[] :    0   0   0   5   0   0   0   6   5   0   5   5  32   4   0   4   1
  29  10  16   OPR   0   3      s[] :    0   0   0   5   0   0   0   6   5   0   5   5  32   4   0   3
  30  10  15   STO   0   8      s[] :    0   0   0   5   0   0   0   6   5   0   5   5  32   4   0
  31  10  14   CAL   0  20      s[] :    0   0   0   5   0   0   0   6   5   0   5   5  32   4   0
  20  15  14   INT   0   5      s[] :    0   0   0   5   0   0   0   6   5   0   5   5  32   4   0  10  10  32   3   0
  21  15  19   LIT   0   0      s[] :    0   0   0   5   0   0   0   6   5   0   5   5  32   4   0  10  10  32   3   0   0
  22  15  20   STO   0   4      s[] :    0   0   0   5   0   0   0   6   5   0   5   5  32   4   0  10  10  32   3   0
  23  15  19   LOD   0   3      s[] :    0   0   0   5   0   0   0   6   5   0   5   5  32   4   0  10  10  32   3   0   3
  24  15  20   LIT   0   2      s[] :    0   0   0   5   0   0   0   6   5   0   5   5  32   4   0  10  10  32   3   0   3   2
  25  15  21   OPR   0  13      s[] :    0   0   0   5   0   0   0   6   5   0   5   5  32   4   0  10  10  32   3   0   0
  26  15  20   JPC   0  46      s[] :    0   0   0   5   0   0   0   6   5   0   5   5  32   4   0  10  10  32   3   0
  27  15  19   LOD   0   3      s[] :    0   0   0   5   0   0   0   6   5   0   5   5  32   4   0  10  10  32   3   0   3
  28  15  20   LIT   0   1      s[] :    0   0   0   5   0   0   0   6   5   0   5   5  32   4   0  10  10  32   3   0   3   1
  29  15  21   OPR   0   3      s[] :    0   0   0   5   0   0   0   6   5   0   5   5  32   4   0  10  10  32   3   0   2
  30  15  20   STO   0   8      s[] :    0   0   0   5   0   0   0   6   5   0   5   5  32   4   0  10  10  32   3   0
  31  15  19   CAL   0  20      s[] :    0   0   0   5   0   0   0   6   5   0   5   5  32   4   0  10  10  32   3   0
  20  20  19   INT   0   5      s[] :    0   0   0   5   0   0   0   6   5   0   5   5  32   4   0  10  10  32   3   0  15  15  32   2   0
  21  20  24   LIT   0   0      s[] :    0   0   0   5   0   0   0   6   5   0   5   5  32   4   0  10  10  32   3   0  15  15  32   2   0   0
  22  20  25   STO   0   4      s[] :    0   0   0   5   0   0   0   6   5   0   5   5  32   4   0  10  10  32   3   0  15  15  32   2   0
  23  20  24   LOD   0   3      s[] :    0   0   0   5   0   0   0   6   5   0   5   5  32   4   0  10  10  32   3   0  15  15  32   2   0   2
  24  20  25   LIT   0   2      s[] :    0   0   0   5   0   0   0   6   5   0   5   5  32   4   0  10  10  32   3   0  15  15  32   2   0   2   2
  25  20  26   OPR   0  13      s[] :    0   0   0   5   0   0   0   6   5   0   5   5  32   4   0  10  10  32   3   0  15  15  32   2   0   1
  26  20  25   JPC   0  46      s[] :    0   0   0   5   0   0   0   6   5   0   5   5  32   4   0  10  10  32   3   0  15  15  32   2   0
  46  20  24   LIT   0   1      s[] :    0   0   0   5   0   0   0   6   5   0   5   5  32   4   0  10  10  32   3   0  15  15  32   2   0   1
  47  20  25   STO   0   4      s[] :    0   0   0   5   0   0   0   6   5   0   5   5  32   4   0  10  10  32   3   0  15  15  32   2   1
  48  20  24   OPR   0   0      s[] :    0   0   0   5   0   0   0   6   5   0   5   5  32   4   0  10  10  32   3   0
  32  15  19   LOD   0   4      s[] :    0   0   0   5   0   0   0   6   5   0   5   5  32   4   0  10  10  32   3   0   0
  33  15  20   LOD   0   9      s[] :    0   0   0   5   0   0   0   6   5   0   5   5  32   4   0  10  10  32   3   0   0   1
  34  15  21   OPR   0   2      s[] :    0   0   0   5   0   0   0   6   5   0   5   5  32   4   0  10  10  32   3   0   1
  35  15  20   STO   0   4      s[] :    0   0   0   5   0   0   0   6   5   0   5   5  32   4   0  10  10  32   3   1
  36  15  19   LOD   0   3      s[] :    0   0   0   5   0   0   0   6   5   0   5   5  32   4   0  10  10  32   3   1   3
  37  15  20   LIT   0   2      s[] :    0   0   0   5   0   0   0   6   5   0   5   5  32   4   0  10  10  32   3   1   3   2
  38  15  21   OPR   0   3      s[] :    0   0   0   5   0   0   0   6   5   0   5   5  32   4   0  10  10  32   3   1   1
  39  15  20   STO   0   8      s[] :    0   0   0   5   0   0   0   6   5   0   5   5  32   4   0  10  10  32   3   1
  40  15  19   CAL   0  20      s[] :    0   0   0   5   0   0   0   6   5   0   5   5  32   4   0  10  10  32   3   1
  20  20  19   INT   0   5      s[] :    0   0   0   5   0   0   0   6   5   0   5   5  32   4   0  10  10  32   3   1  15  15  41   1   1
  21  20  24   LIT   0   0      s[] :    0   0   0   5   0   0   0   6   5   0   5   5  32   4   0  10  10  32   3   1  15  15  41   1   1   0
  22  20  25   STO   0   4      s[] :    0   0   0   5   0   0   0   6   5   0   5   5  32   4   0  10  10  32   3   1  15  15  41   1   0
  23  20  24   LOD   0   3      s[] :    0   0   0   5   0   0   0   6   5   0   5   5  32   4   0  10  10  32   3   1  15  15  41   1   0   1
  24  20  25   LIT   0   2      s[] :    0   0   0   5   0   0   0   6   5   0   5   5  32   4   0  10  10  32   3   1  15  15  41   1   0   1   2
  25  20  26   OPR   0  13      s[] :    0   0   0   5   0   0   0   6   5   0   5   5  32   4   0  10  10  32   3   1  15  15  41   1   0   1
  26  20  25   JPC   0  46      s[] :    0   0   0   5   0   0   0   6   5   0   5   5  32   4   0  10  10  32   3   1  15  15  41   1   0
  46  20  24   LIT   0   1      s[] :    0   0   0   5   0   0   0   6   5   0   5   5  32   4   0  10  10  32   3   1  15  15  41   1   0   1
  47  20  25   STO   0   4      s[] :    0   0   0   5   0   0   0   6   5   0   5   5  32   4   0  10  10  32   3   1  15  15  41   1   1
  48  20  24   OPR   0   0      s[] :    0   0   0   5   0   0   0   6   5   0   5   5  32   4   0  10  10  32   3   1
  41  15  19   LOD   0   4      s[] :    0   0   0   5   0   0   0   6   5   0   5   5  32   4   0  10  10  32   3   1   1
  42  15  20   LOD   0   9      s[] :    0   0   0   5   0   0   0   6   5   0   5   5  32   4   0  10  10  32   3   1   1   1
  43  15  21   OPR   0   2      s[] :    0   0   0   5   0   0   0   6   5   0   5   5  32   4   0  10  10  32   3   1   2
  44  15  20   STO   0   4      s[] :    0   0   0   5   0   0   0   6   5   0   5   5  32   4   0  10  10  32   3   2
  45  15  19   OPR   0   0      s[] :    0   0   0   5   0   0   0   6   5   0   5   5  32   4   0
  32  10  14   LOD   0   4      s[] :    0   0   0   5   0   0   0   6   5   0   5   5  32   4   0   0
  33  10  15   LOD   0   9      s[] :    0   0   0   5   0   0   0   6   5   0   5   5  32   4   0   0   2
  34  10  16   OPR   0   2      s[] :    0   0   0   5   0   0   0   6   5   0   5   5  32   4   0   2
  35  10  15   STO   0   4      s[] :    0   0   0   5   0   0   0   6   5   0   5   5  32   4   2
  36  10  14   LOD   0   3      s[] :    0   0   0   5   0   0   0   6   5   0   5   5  32   4   2   4
  37  10  15   LIT   0   2      s[] :    0   0   0   5   0   0   0   6   5   0   5   5  32   4   2   4   2
  38  10  16   OPR   0   3      s[] :    0   0   0   5   0   0   0   6   5   0   5   5  32   4   2   2
  39  10  15   STO   0   8      s[] :    0   0   0   5   0   0   0   6   5   0   5   5  32   4   2
  40  10  14   CAL   0  20      s[] :    0   0   0   5   0   0   0   6   5   0   5   5  32   4   2
  20  15  14   INT   0   5      s[] :    0   0   0   5   0   0   0   6   5   0   5   5  32   4   2  10  10  41   2   2
  21  15  19   LIT   0   0      s[] :    0   0   0   5   0   0   0   6   5   0   5   5  32   4   2  10  10  41   2   2   0
  22  15  20   STO   0   4      s[] :    0   0   0   5   0   0   0   6   5   0   5   5  32   4   2  10  10  41   2   0
  23  15  19   LOD   0   3      s[] :    0   0   0   5   0   0   0   6   5   0   5   5  32   4   2  10  10  41   2   0   2
  24  15  20   LIT   0   2      s[] :    0   0   0   5   0   0   0   6   5   0   5   5  32   4   2  10  10  41   2   0   2   2
  25  15  21   OPR   0  13      s[] :    0   0   0   5   0   0   0   6   5   0   5   5  32   4   2  10  10  41   2   0   1
  26  15  20   JPC   0  46      s[] :    0   0   0   5   0   0   0   6   5   0   5   5  32   4   2  10  10  41   2   0
  46  15  19   LIT   0   1      s[] :    0   0   0   5   0   0   0   6   5   0   5   5  32   4   2  10  10  41   2   0   1
  47  15  20   STO   0   4      s[] :    0   0   0   5   0   0   0   6   5   0   5   5  32   4   2  10  10  41   2   1
  48  15  19   OPR   0   0      s[] :    0   0   0   5   0   0   0   6   5   0   5   5  32   4   2
  41  10  14   LOD   0   4      s[] :    0   0   0   5   0   0   0   6   5   0   5   5  32   4   2   2
  42  10  15   LOD   0   9      s[] :    0   0   0   5   0   0   0   6   5   0   5   5  32   4   2   2   1
  43  10  16   OPR   0   2      s[] :    0   0   0   5   0   0   0   6   5   0   5   5  32   4   2   3
  44  10  15   STO   0   4      s[] :    0   0   0   5   0   0   0   6   5   0   5   5  32   4   3
  45  10  14   OPR   0   0      s[] :    0   0   0   5   0   0   0   6   5   0
  32   5   9   LOD   0   4      s[] :    0   0   0   5   0   0   0   6   5   0   0
  33   5  10   LOD   0   9      s[] :    0   0   0   5   0   0   0   6   5   0   0   3
  34   5  11   OPR   0   2      s[] :    0   0   0   5   0   0   0   6   5   0   3
  35   5  10   STO   0   4      s[] :    0   0   0   5   0   0   0   6   5   3
  36   5   9   LOD   0   3      s[] :    0   0   0   5   0   0   0   6   5   3   5
  37   5  10   LIT   0   2      s[] :    0   0   0   5   0   0   0   6   5   3   5   2
  38   5  11   OPR   0   3      s[] :    0   0   0   5   0   0   0   6   5   3   3
  39   5  10   STO   0   8      s[] :    0   0   0   5   0   0   0   6   5   3
  40   5   9   CAL   0  20      s[] :    0   0   0   5   0   0   0   6   5   3
  20  10   9   INT   0   5      s[] :    0   0   0   5   0   0   0   6   5   3   5   5  41   3   3
  21  10  14   LIT   0   0      s[] :    0   0   0   5   0   0   0   6   5   3   5   5  41   3   3   0
  22  10  15   STO   0   4      s[] :    0   0   0   5   0   0   0   6   5   3   5   5  41   3   0
  23  10  14   LOD   0   3      s[] :    0   0   0   5   0   0   0   6   5   3   5   5  41   3   0   3
  24  10  15   LIT   0   2      s[] :    0   0   0   5   0   0   0   6   5   3   5   5  41   3   0   3   2
  25  10  16   OPR   0  13      s[] :    0   0   0   5   0   0   0   6   5   3   5   5  41   3   0   0
  26  10  15   JPC   0  46      s[] :    0   0   0   5   0   0   0   6   5   3   5   5  41   3   0
  27  10  14   LOD   0   3      s[] :    0   0   0   5   0   0   0   6   5   3   5   5  41   3   0   3
  28  10  15   LIT   0   1      s[] :    0   0   0   5   0   0   0   6   5   3   5   5  41   3   0   3   1
  29  10  16   OPR   0   3      s[] :    0   0   0   5   0   0   0   6   5   3   5   5  41   3   0   2
  30  10  15   STO   0   8      s[] :    0   0   0   5   0   0   0   6   5   3   5   5  41   3   0
  31  10  14   CAL   0  20      s[] :    0   0   0   5   0   0   0   6   5   3   5   5  41   3   0
  20  15  14   INT   0   5      s[] :    0   0   0   5   0   0   0   6   5   3   5   5  41   3   0  10  10  32   2   1
  21  15  19   LIT   0   0      s[] :    0   0   0   5   0   0   0   6   5   3   5   5  41   3   0  10  10  32   2   1   0
  22  15  20   STO   0   4      s[] :    0   0   0   5   0   0   0   6   5   3   5   5  41   3   0  10  10  32   2   0
  23  15  19   LOD   0   3      s[] :    0   0   0   5   0   0   0   6   5   3   5   5  41   3   0  10  10  32   2   0   2
  24  15  20   LIT   0   2      s[] :    0   0   0   5   0   0   0   6   5   3   5   5  41   3   0  10  10  32   2   0   2   2
  25  15  21   OPR   0  13      s[] :    0   0   0   5   0   0   0   6   5   3   5   5  41   3   0  10  10  32   2   0   1
  26  15  20   JPC   0  46      s[] :    0   0   0   5   0   0   0   6   5   3   5   5  41   3   0  10  10  32   2   0
  46  15  19   LIT   0   1      s[] :    0   0   0   5   0   0   0   6   5   3   5   5  41   3   0  10  10  32   2   0   1
  47  15  20   STO   0   4      s[] :    0   0   0   5   0   0   0   6   5   3   5   5  41   3   0  10  10  32   2   1
  48  15  19   OPR   0   0      s[] :    0   0   0   5   0   0   0   6   5   3   5   5  41   3   0
  32  10  14   LOD   0   4      s[] :    0   0   0   5   0   0   0   6   5   3   5   5  41   3   0   0
  33  10  15   LOD   0   9      s[] :    0   0   0   5   0   0   0   6   5   3   5   5  41   3   0   0   1
  34  10  16   OPR   0   2      s[] :    0   0   0   5   0   0   0   6   5   3   5   5  41   3   0   1
  35  10  15   STO   0   4      s[] :    0   0   0   5   0   0   0   6   5   3   5   5  41   3   1
  36  10  14   LOD   0   3      s[] :    0   0   0   5   0   0   0   6   5   3   5   5  41   3   1   3
  37  10  15   LIT   0   2      s[] :    0   0   0   5   0   0   0   6   5   3   5   5  41   3   1   3   2
  38  10  16   OPR   0   3      s[] :    0   0   0   5   0   0   0   6   5   3   5   5  41   3   1   1
  39  10  15   STO   0   8      s[] :    0   0   0   5   0   0   0   6   5   3   5   5  41   3   1
  40  10  14   CAL   0  20      s[] :    0   0   0   5   0   0   0   6   5   3   5   5  41   3   1
  20  15  14   INT   0   5      s[] :    0   0   0   5   0   0   0   6   5   3   5   5  41   3   1  10  10  41   1   1
  21  15  19   LIT   0   0      s[] :    0   0   0   5   0   0   0   6   5   3   5   5  41   3   1  10  10  41   1   1   0
  22  15  20   STO   0   4      s[] :    0   0   0   5   0   0   0   6   5   3   5   5  41   3   1  10  10  41   1   0
  23  15  19   LOD   0   3      s[] :    0   0   0   5   0   0   0   6   5   3   5   5  41   3   1  10  10  41   1   0   1
  24  15  20   LIT   0   2      s[] :    0   0   0   5   0   0   0   6   5   3   5   5  41   3   1  10  10  41   1   0   1   2
  25  15  21   OPR   0  13      s[] :    0   0   0   5   0   0   0   6   5   3   5   5  41   3   1  10  10  41   1   0   1
  26  15  20   JPC   0  46      s[] :    0   0   0   5   0   0   0   6   5   3   5   5  41   3   1  10  10  41   1   0
  46  15  19   LIT   0   1      s[] :    0   0   0   5   0   0   0   6   5   3   5   5  41   3   1  10  10  41   1   0   1
  47  15  20   STO   0   4      s[] :    0   0   0   5   0   0   0   6   5   3   5   5  41   3   1  10  10  41   1   1
  48  15  19   OPR   0   0      s[] :    0   0   0   5   0   0   0   6   5   3   5   5  41   3   1
  41  10  14   LOD   0   4      s[] :    0   0   0   5   0   0   0   6   5   3   5   5  41   3   1   1
  42  10  15   LOD   0   9      s[] :    0   0   0   5   0   0   0   6   5   3   5   5  41   3   1   1   1
  43  10  16   OPR   0   2      s[] :    0   0   0   5   0   0   0   6   5   3   5   5  41   3   1   2
  44  10  15   STO   0   4      s[] :    0   0   0   5   0   0   0   6   5   3   5   5  41   3   2
  45  10  14   OPR   0   0      s[] :    0   0   0   5   0   0   0   6   5   3
  41   5   9   LOD   0   4      s[] :    0   0   0   5   0   0   0   6   5   3   3
  42   5  10   LOD   0   9      s[] :    0   0   0   5   0   0   0   6   5   3   3   2
  43   5  11   OPR   0   2      s[] :    0   0   0   5   0   0   0   6   5   3   5
  44   5  10   STO   0   4      s[] :    0   0   0   5   0   0   0   6   5   5
  45   5   9   OPR   0   0      s[] :    0   0   0   5   0
   6   0   4   LOD   0   9      s[] :    0   0   0   5   0   5
   7   0   5   STO   0   4      s[] :    0   0   0   5   5
   8   0   4   OPR   0   0      s[] :
 === === ===   === === ===             === === === === === === === === === === === === === === ===
 p   b   t     f   l   a                 0   1   2   3   4   5   6   7   8   9  10  11  12  13  14
 end pl/0